0 0.45637254901960783 0.4093385214007782 0.06 0.06 
0 0.4377450980392157 0.27120622568093383 0.06 0.06 
0 0.432843137254902 0.20116731517509728 0.06 0.06 
0 0.5705882352941176 0.40894941634241244 0.06 0.06 
0 0.5833333333333334 0.2587548638132296 0.06 0.06 
0 0.5970588235294118 0.16459143968871595 0.06 0.06 
0 0.6598039215686274 0.4404669260700389 0.06 0.06 
0 0.6862745098039216 0.2992217898832685 0.06 0.06 
0 0.7029411764705882 0.21206225680933852 0.06 0.06 
0 0.7299019607843137 0.49299610894941637 0.06 0.06 
0 0.7897058823529411 0.3852140077821012 0.06 0.06 
0 0.817156862745098 0.3377431906614786 0.06 0.06 
