0 0.36176470588235293 0.44863813229571986 0.06 0.06 
0 0.37549019607843137 0.30311284046692605 0.06 0.06 
0 0.3843137254901961 0.23035019455252917 0.06 0.06 
0 0.47205882352941175 0.45875486381322955 0.06 0.06 
0 0.5112745098039215 0.29571984435797666 0.06 0.06 
0 0.532843137254902 0.20155642023346304 0.06 0.06 
0 0.5637254901960784 0.488715953307393 0.06 0.06 
0 0.6205882352941177 0.3424124513618677 0.06 0.06 
0 0.6495098039215687 0.2556420233463035 0.06 0.06 
0 0.6200980392156863 0.5334630350194552 0.06 0.06 
0 0.7147058823529412 0.43540856031128405 0.06 0.06 
0 0.7563725490196078 0.3743190661478599 0.06 0.06 
