0 0.1855721393034826 0.44011976047904194 0.06 0.06 
0 0.1626865671641791 0.2778443113772455 0.06 0.06 
0 0.16417910447761194 0.17425149700598802 0.06 0.06 
0 0.2646766169154229 0.45149700598802395 0.06 0.06 
0 0.27611940298507465 0.2754491017964072 0.06 0.06 
0 0.2880597014925373 0.15808383233532936 0.06 0.06 
0 0.3253731343283582 0.4994011976047904 0.06 0.06 
0 0.354228855721393 0.3263473053892216 0.06 0.06 
0 0.3746268656716418 0.2155688622754491 0.06 0.06 
0 0.3845771144278607 0.5437125748502994 0.06 0.06 
0 0.4427860696517413 0.4179640718562874 0.06 0.06 
0 0.4681592039800995 0.3413173652694611 0.06 0.06 
