0 0.38468085106382977 0.5061425061425061 0.06 0.06 
0 0.36 0.35135135135135137 0.06 0.06 
0 0.35829787234042554 0.25675675675675674 0.06 0.06 
0 0.5097872340425532 0.5 0.06 0.06 
0 0.5191489361702127 0.3323095823095823 0.06 0.06 
0 0.5319148936170213 0.21805896805896807 0.06 0.06 
0 0.6153191489361702 0.5343980343980343 0.06 0.06 
0 0.6502127659574468 0.36486486486486486 0.06 0.06 
0 0.6672340425531915 0.26044226044226043 0.06 0.06 
0 0.7097872340425532 0.5632678132678133 0.06 0.06 
0 0.7846808510638298 0.4441031941031941 0.06 0.06 
0 0.8025531914893617 0.3740786240786241 0.06 0.06 
