0 0.4161676646706587 0.4532338308457711 0.06 0.06 
0 0.4089820359281437 0.32139303482587067 0.06 0.06 
0 0.4161676646706587 0.24228855721393036 0.06 0.06 
0 0.5209580838323353 0.46368159203980097 0.06 0.06 
0 0.5538922155688623 0.3174129353233831 0.06 0.06 
0 0.5856287425149701 0.22338308457711442 0.06 0.06 
0 0.5916167664670658 0.5069651741293533 0.06 0.06 
0 0.6538922155688622 0.37661691542288556 0.06 0.06 
0 0.6988023952095809 0.2935323383084577 0.06 0.06 
0 0.6592814371257485 0.554726368159204 0.06 0.06 
0 0.7520958083832335 0.47313432835820896 0.06 0.06 
0 0.8047904191616766 0.42686567164179107 0.06 0.06 
