0 0.40059880239520956 0.5203980099502488 0.06 0.06 
0 0.3910179640718563 0.3895522388059702 0.06 0.06 
0 0.3970059880239521 0.3049751243781095 0.06 0.06 
0 0.5059880239520959 0.5203980099502488 0.06 0.06 
0 0.5263473053892216 0.36517412935323385 0.06 0.06 
0 0.5443113772455089 0.2701492537313433 0.06 0.06 
0 0.5862275449101796 0.5487562189054727 0.06 0.06 
0 0.6287425149700598 0.4034825870646766 0.06 0.06 
0 0.6532934131736527 0.31791044776119404 0.06 0.06 
0 0.6580838323353293 0.5860696517412936 0.06 0.06 
0 0.7365269461077845 0.48756218905472637 0.06 0.06 
0 0.7586826347305389 0.427363184079602 0.06 0.06 
