0 0.471078431372549 0.4575875486381323 0.06 0.06 
0 0.4534313725490196 0.3132295719844358 0.06 0.06 
0 0.4465686274509804 0.2330739299610895 0.06 0.06 
0 0.5715686274509804 0.45953307392996107 0.06 0.06 
0 0.5769607843137254 0.29766536964980544 0.06 0.06 
0 0.5833333333333334 0.20116731517509728 0.06 0.06 
0 0.6612745098039216 0.4785992217898833 0.06 0.06 
0 0.6926470588235294 0.33501945525291826 0.06 0.06 
0 0.7220588235294118 0.2424124513618677 0.06 0.06 
0 0.7392156862745098 0.5116731517509727 0.06 0.06 
0 0.8127450980392157 0.4038910505836576 0.06 0.06 
0 0.8485294117647059 0.3381322957198444 0.06 0.06 
