0 0.3715686274509804 0.35330739299610897 0.06 0.06 
0 0.34362745098039216 0.20544747081712061 0.06 0.06 
0 0.33137254901960783 0.11245136186770428 0.06 0.06 
0 0.4838235294117647 0.35175097276264594 0.06 0.06 
0 0.48627450980392156 0.20038910505836577 0.06 0.06 
0 0.4950980392156863 0.09610894941634242 0.06 0.06 
0 0.5794117647058824 0.3770428015564202 0.06 0.06 
0 0.6151960784313726 0.24046692607003892 0.06 0.06 
0 0.6421568627450981 0.1431906614785992 0.06 0.06 
0 0.6656862745098039 0.4054474708171206 0.06 0.06 
0 0.7313725490196078 0.30622568093385216 0.06 0.06 
0 0.7838235294117647 0.23852140077821013 0.06 0.06 
