0 0.20398009950248755 0.4604790419161677 0.06 0.06 
0 0.18358208955223881 0.27664670658682633 0.06 0.06 
0 0.18009950248756218 0.16347305389221556 0.06 0.06 
0 0.2955223880597015 0.4682634730538922 0.06 0.06 
0 0.2796019900497512 0.26467065868263473 0.06 0.06 
0 0.28258706467661693 0.12215568862275449 0.06 0.06 
0 0.36218905472636814 0.5137724550898204 0.06 0.06 
0 0.37213930348258706 0.33053892215568864 0.06 0.06 
0 0.38159203980099504 0.19461077844311378 0.06 0.06 
0 0.42835820895522386 0.5706586826347305 0.06 0.06 
0 0.4562189054726368 0.42095808383233535 0.06 0.06 
0 0.4746268656716418 0.3203592814371258 0.06 0.06 
