0 0.1900497512437811 0.40479041916167663 0.06 0.06 
0 0.18955223880597014 0.25269461077844313 0.06 0.06 
0 0.19601990049751244 0.16347305389221556 0.06 0.06 
0 0.27114427860696516 0.41437125748502995 0.06 0.06 
0 0.24910179640718563 0.3 0.06 0.06 
0 0.32288557213930347 0.14311377245508983 0.06 0.06 
0 0.3333333333333333 0.4491017964071856 0.06 0.06 
0 0.3835820895522388 0.30479041916167665 0.06 0.06 
0 0.4154228855721393 0.20179640718562875 0.06 0.06 
0 0.3825870646766169 0.4940119760479042 0.06 0.06 
0 0.43134328358208956 0.38263473053892216 0.06 0.06 
0 0.46616915422885574 0.3203592814371258 0.06 0.06 
