0 0.21791044776119403 0.5065868263473053 0.06 0.06 
0 0.20298507462686566 0.34970059880239523 0.06 0.06 
0 0.19850746268656716 0.25748502994011974 0.06 0.06 
0 0.29850746268656714 0.5047904191616767 0.06 0.06 
0 0.3049751243781095 0.32994011976047904 0.06 0.06 
0 0.31044776119402984 0.22275449101796407 0.06 0.06 
0 0.3572139303482587 0.537125748502994 0.06 0.06 
0 0.39054726368159204 0.3850299401197605 0.06 0.06 
0 0.40746268656716417 0.2808383233532934 0.06 0.06 
0 0.41691542288557215 0.5904191616766467 0.06 0.06 
0 0.44925373134328356 0.4658682634730539 0.06 0.06 
0 0.46567164179104475 0.4119760479041916 0.06 0.06 
