0 0.42277691107644305 0.42864806866952787 0.06 0.06 
0 0.4110764430577223 0.2918454935622318 0.06 0.06 
0 0.4126365054602184 0.20708154506437768 0.06 0.06 
0 0.5475819032761311 0.4259656652360515 0.06 0.06 
0 0.5624024960998439 0.2677038626609442 0.06 0.06 
0 0.5748829953198128 0.15718884120171675 0.06 0.06 
0 0.6372854914196567 0.45761802575107297 0.06 0.06 
0 0.6731669266770671 0.30579399141630903 0.06 0.06 
0 0.6989079563182528 0.20010729613733905 0.06 0.06 
0 0.7301092043681747 0.49839055793991416 0.06 0.06 
0 0.7831513260530422 0.38626609442060084 0.06 0.06 
0 0.8252730109204368 0.3133047210300429 0.06 0.06 
