0 0.40294117647058825 0.46653696498054475 0.06 0.06 
0 0.3764705882352941 0.33073929961089493 0.06 0.06 
0 0.37401960784313726 0.24980544747081712 0.06 0.06 
0 0.4946078431372549 0.4649805447470817 0.06 0.06 
0 0.5014705882352941 0.3167315175097276 0.06 0.06 
0 0.503921568627451 0.22295719844357978 0.06 0.06 
0 0.5740196078431372 0.48715953307392995 0.06 0.06 
0 0.6049019607843137 0.3490272373540856 0.06 0.06 
0 0.6348039215686274 0.256420233463035 0.06 0.06 
0 0.6460784313725491 0.5151750972762645 0.06 0.06 
0 0.7161764705882353 0.41750972762645916 0.06 0.06 
0 0.7666666666666667 0.36186770428015563 0.06 0.06 
