0 0.3416666666666667 0.5307392996108949 0.06 0.06 
0 0.3044117647058823 0.3673151750972763 0.06 0.06 
0 0.29362745098039217 0.2801556420233463 0.06 0.06 
0 0.4553921568627451 0.5357976653696498 0.06 0.06 
0 0.4553921568627451 0.3463035019455253 0.06 0.06 
0 0.4676470588235294 0.23268482490272374 0.06 0.06 
0 0.5450980392156862 0.5743190661478599 0.06 0.06 
0 0.5941176470588235 0.3941634241245136 0.06 0.06 
0 0.6039215686274509 0.2863813229571984 0.06 0.06 
0 0.6372549019607843 0.621011673151751 0.06 0.06 
0 0.711764705882353 0.49066147859922177 0.06 0.06 
0 0.7387254901960785 0.4198443579766537 0.06 0.06 
