0 0.38862275449101796 0.4766169154228856 0.06 0.06 
0 0.3508982035928144 0.33880597014925373 0.06 0.06 
0 0.3407185628742515 0.2646766169154229 0.06 0.06 
0 0.5011976047904192 0.47313432835820896 0.06 0.06 
0 0.5077844311377245 0.3253731343283582 0.06 0.06 
0 0.5179640718562875 0.22487562189054727 0.06 0.06 
0 0.5916167664670658 0.5009950248756219 0.06 0.06 
0 0.6227544910179641 0.36019900497512436 0.06 0.06 
0 0.6520958083832336 0.2646766169154229 0.06 0.06 
0 0.6664670658682634 0.5447761194029851 0.06 0.06 
0 0.7359281437125749 0.44029850746268656 0.06 0.06 
0 0.7658682634730539 0.3776119402985075 0.06 0.06 
