0 0.3757183908045977 0.4982014388489209 0.06 0.06 
0 0.3599137931034483 0.3513189448441247 0.06 0.06 
0 0.3642241379310345 0.26918465227817745 0.06 0.06 
0 0.47701149425287354 0.5143884892086331 0.06 0.06 
0 0.492816091954023 0.35251798561151076 0.06 0.06 
0 0.5014367816091954 0.25 0.06 0.06 
0 0.5545977011494253 0.552757793764988 0.06 0.06 
0 0.5998563218390804 0.40047961630695444 0.06 0.06 
0 0.625 0.3069544364508393 0.06 0.06 
0 0.6228448275862069 0.6013189448441247 0.06 0.06 
0 0.6954022988505747 0.4862110311750599 0.06 0.06 
0 0.7370689655172413 0.42326139088729015 0.06 0.06 
