0 0.4053177691309987 0.49221789883268485 0.06 0.06 
0 0.35667963683527887 0.33916990920881973 0.06 0.06 
0 0.3236057068741894 0.2594033722438392 0.06 0.06 
0 0.5097276264591439 0.4714656290531777 0.06 0.06 
0 0.49221789883268485 0.29766536964980544 0.06 0.06 
0 0.4889753566796368 0.1867704280155642 0.06 0.06 
0 0.5907911802853437 0.5006485084306096 0.06 0.06 
0 0.6128404669260701 0.33138780804150453 0.06 0.06 
0 0.622568093385214 0.22568093385214008 0.06 0.06 
0 0.6725032425421531 0.5356679636835279 0.06 0.06 
0 0.7198443579766537 0.4156939040207523 0.06 0.06 
0 0.7464332036316472 0.34824902723735407 0.06 0.06 
