0 0.4403485254691689 0.41709242916860195 0.06 0.06 
0 0.4289544235924933 0.2698560148629819 0.06 0.06 
0 0.43699731903485256 0.18485833720390155 0.06 0.06 
0 0.5609919571045576 0.4096609382257315 0.06 0.06 
0 0.5670241286863271 0.24802601021830004 0.06 0.06 
0 0.5777479892761395 0.14305620065025546 0.06 0.06 
0 0.6615281501340483 0.435671156525778 0.06 0.06 
0 0.685656836461126 0.2800743149094287 0.06 0.06 
0 0.710455764075067 0.17928471899674872 0.06 0.06 
0 0.767426273458445 0.48351137947050626 0.06 0.06 
0 0.8398123324396782 0.37111007895959125 0.06 0.06 
0 0.886058981233244 0.30469112865768694 0.06 0.06 
