0 0.4090247452692867 0.5255239118753359 0.06 0.06 
0 0.388646288209607 0.3799032778076303 0.06 0.06 
0 0.3951965065502183 0.2955400322407308 0.06 0.06 
0 0.5276564774381368 0.5287479849543256 0.06 0.06 
0 0.5203784570596798 0.36808167651800106 0.06 0.06 
0 0.5203784570596798 0.26276195593766793 0.06 0.06 
0 0.6215429403202329 0.555077915099409 0.06 0.06 
0 0.6404657933042213 0.40193444384739385 0.06 0.06 
0 0.6448326055312955 0.30413756045137025 0.06 0.06 
0 0.7001455604075691 0.5878559914024718 0.06 0.06 
0 0.7299854439592431 0.4723267060720043 0.06 0.06 
0 0.7394468704512372 0.3987103707684041 0.06 0.06 
